replica	 cross
0	823.468
1	791.047
2	827.773
3	827.558
4	802.897
5	863.514
6	858.913
7	817.153
8	815.748
9	820.281
10	825.002
11	809.825
12	856.724
13	812.476
14	826.562
15	826.171
16	818.088
17	808.734
18	834.973
19	823.978
20	849.701
21	822.84
22	808.074
23	884.752
24	810.752
25	824.957
26	863.802
27	821.555
28	824.819
29	838.542
30	829.294
31	808.369
32	803.066
33	815.672
34	825.078
35	810.405
36	822.988
37	847.583
38	818.202
39	804.972
40	815.932
41	812.566
42	812.187
43	825.987
44	845.055
45	813.434
46	814.838
47	818.795
48	824.891
49	821.227
50	822.055
51	792.268
52	812.871
53	832.362
54	811.374
55	816.329
56	827.925
57	827.088
58	830.074
59	826.894
60	813.545
61	823.186
62	820.431
63	825.134
64	836.361
65	802.259
66	817.968
67	778.528
68	794.723
69	823.139
70	820.091
71	808.473
72	812.869
73	797.205
74	806.991
75	831.431
76	809.814
77	806.856
78	820.209
79	808.018
80	816.933
81	813.09
82	804.388
83	842.976
84	822.263
85	801.508
86	813.683
87	824.368
88	861.784
89	854.735
90	811.725
91	816.936
92	810.855
93	834.362
94	839.29
95	819.035
96	826.831
97	819.039
98	815.375
99	848.424
100	804.595
101	820.832
102	817.761
103	841.259
104	839.588
105	826.399
106	821.95
107	822.46
108	814.007
109	800.831
110	860.89
111	850.22
112	819.514
113	836.231
114	801.566
115	812.578
116	813.362
117	819.137
118	817.512
119	810.812
120	813.775
121	817.417
122	813.797
123	807.408
124	827.019
125	814.649
126	834.464
127	853.286
128	810.359
129	847.065
130	842.748
131	826.666
132	846.871
133	828.036
134	821.22
135	828.902
136	813.435
137	829.211
138	833.701
139	838.646
140	825.88
141	819.535
142	817.567
143	823.959
144	820.235
145	824.908
146	821.285
147	808.846
148	821.751
149	820.647
150	847.338
151	800.178
152	818.501
153	805.95
154	789.214
155	852.334
156	817.454
157	838.24
158	847.553
159	818.038
160	797.297
161	815.07
162	784.488
163	836.856
164	814.878
165	833.172
166	815.353
167	846.109
168	838.968
169	820.636
170	797.532
171	805.713
172	819.806
173	824.162
174	824.319
175	814.225
176	829.883
177	816.776
178	822.037
179	800.678
180	825.122
181	836.038
182	830.315
183	826.563
184	832.126
185	810.545
186	807.928
187	826.225
188	839.819
189	800.312
190	835.347
191	817.935
192	878.576
193	810.041
194	837.202
195	823.367
196	835.425
197	849.197
198	823.114
199	792.363
200	821.648
201	828.811
202	821.727
203	812.138
204	816.645
205	836.797
206	823.845
207	824.38
208	828.741
209	845.535
210	833.954
211	828.88
212	838.392
213	810.278
214	818.795
215	830.817
216	828.257
217	827.224
218	821.563
219	832.11
220	827.436
221	815.544
222	831.71
223	815.655
224	805.575
225	827.808
226	829.066
227	812.55
228	811.842
229	793.183
230	833.429
231	821.423
232	817.049
233	845.524
234	831.602
235	817.196
236	831.62
237	840.27
238	826.838
239	841.638
240	811.434
241	818.443
242	830.82
243	815.193
244	819.801
245	846.033
246	803.213
247	841.383
248	845.36
249	798.428
250	834.227
251	839.706
252	805.111
253	823.152
254	868.62
255	822.425
256	834.934
257	822.121
258	820.033
259	821.928
260	827.437
261	819.931
262	826.153
263	825.025
264	820.877
265	823.91
266	838.303
267	808.504
268	847.4
269	812.282
270	835.51
271	818.457
272	815.745
273	830.543
274	818.634
275	787.843
276	840.101
277	821.55
278	832.293
279	821.219
280	823.868
281	833.842
282	831.081
283	821.741
284	817.012
285	798.764
286	823.266
287	839.124
288	828.289
289	828.89
290	822.973
291	851.017
292	837.818
293	804.874
294	826.494
295	817.322
296	862.51
297	821.636
298	814.139
299	821.7
300	833.529
301	810.847
302	839.561
303	819.619
304	818.242
305	813.345
306	821.537
307	828.79
308	830.058
309	834.658
310	822.251
311	811.344
312	818.524
313	837.992
314	832.87
315	831.626
316	864.319
317	825.53
318	829.873
319	809.835
320	809.077
321	811.927
322	842.388
323	810.919
324	823.402
325	818.248
326	815.088
327	801.948
328	822.086
329	809.372
330	817.931
331	823.589
332	817.713
333	858.104
334	836.857
335	811.381
336	818.637
337	809.16
338	830.727
339	826.753
340	817.151
341	824.33
342	843.737
343	842.322
344	836.541
345	836.547
346	811.169
347	820.358
348	823.771
349	820.892
350	826.258
351	817.158
352	846.464
353	835.729
354	840.04
355	798.657
356	793.11
357	828.273
358	845.034
359	841.903
360	872.629
361	827.686
362	802.116
363	810.251
364	835.012
365	820.393
366	804.566
367	809.309
368	818.896
369	834.57
370	819.45
371	822.035
372	825.521
373	831.776
374	834.359
375	823.707
376	850.604
377	873.767
378	835.075
379	806.758
380	828.201
381	813.493
382	834.275
383	827.685
384	840.57
385	823.576
386	826.938
387	820.578
388	836.096
389	829.1
390	807.768
391	832.499
392	805.655
393	792.544
394	823.741
395	796.53
396	817.385
397	896.496
398	825.994
399	827.969
400	807.962
401	832.588
402	816.078
403	818.342
404	795.488
405	818.175
406	830.835
407	820.613
408	823.922
409	833.285
410	808.145
411	837.462
412	839.432
413	824.916
414	825.59
415	817.569
416	828.044
417	835.071
418	809.179
419	840.373
420	826.827
421	821.854
422	816.391
423	815.016
424	806.449
425	837.875
426	813.157
427	824.92
428	818.027
429	822.093
430	834.65
431	817.188
432	822.507
433	823.472
434	833.375
435	834.676
436	819.218
437	818.347
438	806.424
439	827.696
440	794.793
441	815.038
442	815.855
443	831.55
444	803.277
445	813.568
446	804.157
447	811.28
448	805.904
449	808.41
450	809.511
451	819.957
452	814.489
453	815.908
454	838.997
455	836.382
456	797.887
457	827.881
458	824.858
459	857.196
460	800.859
461	815.595
462	820.509
463	807.576
464	833.92
465	813.993
466	830.312
467	817.617
468	807.716
469	838.623
470	829.876
471	829.847
472	824.888
473	833.037
474	816.076
475	829.008
476	805.683
477	821.663
478	794.873
479	844.337
480	812.842
481	823.51
482	817.264
483	808.241
484	804.424
485	842.411
486	836.707
487	819.678
488	827.231
489	816.153
490	819.451
491	821.287
492	832.053
493	810.452
494	816.54
495	822.601
496	811.256
497	809.741
498	826.138
499	826.558
500	818.575
501	824.133
502	832.061
503	824.881
504	806.187
505	806.733
506	836.507
507	852.935
508	810.05
509	819.858
510	799.39
511	811.964
512	831.931
513	828.052
514	796.444
515	817.911
516	826.425
517	829.237
518	835.24
519	838.336
520	825.679
521	809.521
522	812.531
523	802.962
524	869.512
525	846.446
526	829.515
527	836.584
528	814.688
529	817.852
530	831.198
531	808.224
532	812.821
533	813.687
534	826.111
535	840.852
536	831.543
537	896.146
538	839.558
539	818.759
540	822.037
541	840.065
542	808.275
543	844.753
544	814.528
545	800.703
546	817.847
547	833.142
548	837.069
549	834.147
550	802.487
551	851.593
552	825.644
553	819.662
554	837.275
555	845.26
556	890.775
557	812.868
558	828.854
559	817.332
560	806.593
561	838.481
562	820.123
563	828.459
564	822.188
565	827.651
566	818.614
567	800.347
568	823.837
569	833.217
570	827.437
571	810.674
572	811.181
573	831.524
574	829.838
575	826.541
576	830.844
577	829.583
578	826.423
579	828.698
580	817.885
581	836.99
582	821.092
583	809.843
584	841.025
585	832.662
586	794.673
587	819.89
588	827.589
589	827.409
590	827.07
591	828.348
592	826.269
593	812.408
594	834.79
595	833.238
596	840.22
597	807.257
598	827.01
599	839.957
600	835.281
601	818.797
602	829.603
603	818.908
604	815.753
605	846.381
606	801.22
607	813.512
608	841.898
609	840.196
610	812.068
611	832.885
612	841.184
613	831.53
614	834.436
615	803.033
616	825.013
617	785.68
618	849.804
619	823.673
620	825.519
621	829.839
622	821.705
623	826.942
624	833.274
625	832.966
626	791.061
627	839.304
628	820.267
629	800.355
630	823.777
631	821.678
632	831.329
633	827.424
634	823.879
635	799.741
636	830.592
637	807.65
638	834.691
639	826.251
640	821.967
641	827.713
642	798.956
643	799.39
644	797.821
645	815.802
646	796.482
647	842.754
648	843.1
649	827.952
650	813.789
651	805.731
652	808.545
653	804.994
654	816.849
655	843.495
656	823.258
657	791.117
658	841.196
659	812.204
660	817.969
661	831.933
662	869.334
663	815.695
664	843.931
665	841.969
666	822.327
667	815.162
668	805.87
669	821.782
670	816.817
671	850.632
672	823.616
673	834.71
674	821.741
675	842.963
676	832.036
677	835.489
678	821.874
679	838.096
680	828.63
681	819.446
682	759.148
683	815.582
684	818.432
685	842.035
686	815.01
687	833.885
688	828.134
689	802.578
690	823.088
691	825.13
692	805.676
693	808.879
694	815.029
695	851.721
696	820.889
697	826.262
698	826.675
699	829.212
700	829.996
701	817.441
702	823.04
703	821.583
704	816.027
705	795.212
706	802.803
707	814.905
708	810.511
709	837.238
710	817.589
711	821.764
712	822.045
713	829.227
714	818.023
715	821.688
716	820.058
717	828.635
718	835.431
719	823.317
720	834.384
721	810.845
722	847.46
723	826.139
724	844.043
725	833.847
726	829.744
727	828.467
728	822.732
729	813.623
730	800.004
731	806.556
732	830.683
733	827.769
734	803.083
735	825.873
736	815.901
737	842.472
738	816.076
739	837.966
740	842.846
741	798.982
742	834.266
743	819.529
744	842.411
745	829.078
746	812.522
747	809.653
748	817.958
749	806.325
750	837.112
751	785.728
752	852.809
753	823.521
754	820.544
755	851.426
756	795.655
757	821.258
758	832.25
759	821.863
760	880.584
761	819.984
762	816.588
763	821.749
764	820.695
765	813.18
766	820.76
767	822.166
768	814.561
769	815.367
770	827.45
771	829.592
772	829.552
773	814.873
774	812.846
775	797.781
776	808.837
777	852.041
778	816.178
779	805.353
780	813.236
781	829.501
782	855.614
783	786.269
784	824.689
785	824.314
786	814.591
787	845.253
788	818.49
789	809.577
790	819.092
791	815.521
792	804.469
793	832.702
794	830.848
795	838.867
796	821.268
797	815.285
798	812.995
799	814.225
800	797.181
801	818.948
802	818.145
803	821.874
804	820.431
805	823.117
806	821.541
807	834.567
808	799.743
809	823.394
810	822.887
811	814.554
812	819.77
813	849.181
814	833.055
815	802.023
816	831.779
817	796.67
818	819.842
819	855.084
820	814.769
821	828.171
822	827.948
823	796.958
824	851.465
825	817.454
826	816.778
827	811.104
828	813.431
829	839.641
830	835.176
831	833.954
832	821.684
833	819.087
834	836.583
835	815.19
836	825.224
837	824.09
838	824.071
839	822.245
840	830.159
841	817.372
842	806.381
843	827.92
844	852.543
845	856.08
846	836.693
847	819.563
848	821.433
849	835.556
850	819.799
851	833.135
852	826.775
853	813.399
854	775.207
855	819.838
856	832.961
857	819.017
858	825.653
859	830.391
860	811.724
861	819.445
862	808.227
863	826.809
864	821.772
865	809.523
866	825.027
867	825.921
868	840.982
869	786.84
870	831.968
871	819.409
872	807.446
873	794.118
874	841.044
875	821.637
876	830.143
877	812.631
878	826.144
879	806.078
880	829.487
881	822.037
882	829.938
883	847.876
884	820.83
885	827.573
886	805.71
887	811.969
888	824.911
889	825.356
890	818.346
891	819.874
892	818.437
893	814.09
894	856.817
895	811.491
896	812.96
897	825.334
898	805.707
899	843.156
900	826.612
901	808.828
902	816.882
903	831.713
904	823.841
905	827.054
906	826.219
907	815.439
908	818.688
909	827.418
910	842.156
911	834.676
912	822.764
913	805.149
914	835.086
915	829.744
916	829.933
917	826.783
918	819.859
919	826.863
920	821.231
921	816.276
922	825.911
923	840.182
924	829.996
925	844.323
926	819.354
927	815.58
928	826.769
929	824.41
930	822.395
931	808.241
932	812.814
933	822.774
934	843.197
935	832.141
936	808.614
937	818.842
938	816.116
939	831.233
940	820.798
941	823.953
942	846.146
943	832.449
944	819.741
945	817.313
946	808.23
947	797.728
948	820.088
949	840.37
950	823.406
951	791.058
952	836.509
953	833.052
954	831.379
955	820.201
956	838.932
957	812.781
958	836.894
959	855.996
960	831.184
961	829.256
962	821.656
963	826.051
964	807.779
965	822.716
966	819.28
967	827.154
968	833.641
969	818.573
970	842.699
971	833.859
972	823.623
973	811.221
974	812.859
975	817.49
976	826.342
977	842.376
978	831.112
979	825.319
980	826.449
981	823.622
982	808.973
983	832.46
984	812.235
985	807.15
986	869.657
987	798.458
988	819.042
989	832.646
990	821.798
991	838.851
992	823.568
993	822.035
994	816.944
995	823.337
996	823.212
997	827.864
998	816.714
999	819.856
1000	830.24
